0.000000 0.000000
1.725543 0.100000
1.527646 0.200000
1.348347 0.300000
1.159239 0.400000
0.992329 0.500000
0.845129 0.600000
0.715440 0.700000
0.601315 0.800000
0.501030 0.900000
0.413057 1.000000
0.336037 1.100000
0.286861 1.200000
0.242959 1.300000
0.203816 1.400000
0.168969 1.500000
0.138002 1.600000
0.110541 1.700000
0.086246 1.800000
0.064812 1.900000
0.045964 2.000000
0.013273 2.100000
0.001512 2.200000
0.008622 2.300000
0.017290 2.400000
0.024639 2.500000
0.030803 2.600000
0.035902 2.700000
0.040046 2.800000
0.043335 2.900000
0.045860 3.000000
0.047706 3.100000
0.048947 3.200000
0.049653 3.300000
0.049887 3.400000
0.049706 3.500000
0.049165 3.600000
0.048310 3.700000
0.047186 3.800000
0.045832 3.900000
0.044287 4.000000
0.042582 4.100000
0.040750 4.200000
0.038817 4.300000
0.036809 4.400000
0.034749 4.500000
0.032658 4.600000
0.030555 4.700000
0.028458 4.800000
0.026381 4.900000
0.024338 5.000000
0.022343 5.100000
0.020405 5.200000
0.018535 5.300000
0.016742 5.400000
0.015032 5.500000
0.013412 5.600000
0.011887 5.700000
0.010462 5.800000
0.009140 5.900000
0.007924 6.000000
0.006816 6.100000
0.005817 6.200000
0.004927 6.300000
0.004146 6.400000
0.003473 6.500000
0.002906 6.600000
0.002444 6.700000
0.002082 6.800000
0.001819 6.900000
0.001649 7.000000
0.001569 7.100000
0.001574 7.200000
0.001658 7.300000
0.001815 7.400000
0.002038 7.500000
0.002322 7.600000
0.002658 7.700000
0.003038 7.800000
0.003455 7.900000
0.003899 8.000000
0.004361 8.100000
0.004831 8.200000
0.005300 8.300000
0.005755 8.400000
0.006187 8.500000
0.006582 8.600000
0.006929 8.700000
0.007213 8.800000
0.007421 8.900000
0.007538 9.000000
0.007546 9.100000
0.007428 9.200000
0.007164 9.300000
0.006730 9.400000
0.006098 9.500000
0.005232 9.600000
0.004079 9.700000
0.002546 9.800000
0.000418 9.900000
2.495289 10.000000
2.179082 10.100000
1.916613 10.200000
1.681881 10.300000
1.471991 10.400000
1.284366 10.500000
1.116712 10.600000
0.966980 10.700000
0.833343 10.800000
0.714168 10.900000
0.607995 11.000000
0.513519 11.100000
0.429571 11.200000
0.355105 11.300000
0.289183 11.400000
0.230971 11.500000
0.179726 11.600000
0.134801 11.700000
0.095664 11.800000
0.061998 11.900000
0.034214 12.000000
0.017611 12.100000
0.025326 12.200000
0.041246 12.300000
0.056125 12.400000
0.068877 12.500000
0.079460 12.600000
0.088016 12.700000
0.094728 12.800000
0.099779 12.900000
0.103346 13.000000
0.105593 13.100000
0.106673 13.200000
0.106725 13.300000
0.105877 13.400000
0.104246 13.500000
0.101940 13.600000
0.099055 13.700000
0.095682 13.800000
0.091902 13.900000
0.087788 14.000000
0.083410 14.100000
0.078827 14.200000
0.074096 14.300000
0.069268 14.400000
0.064389 14.500000
0.059500 14.600000
0.054639 14.700000
0.049840 14.800000
0.045133 14.900000
0.040544 15.000000
0.036100 15.100000
0.031820 15.200000
0.027725 15.300000
0.023831 15.400000
0.020156 15.500000
0.016715 15.600000
0.013525 15.700000
0.010608 15.800000
0.008000 15.900000
0.005772 16.000000
0.004094 16.100000
0.003306 16.200000
0.017609 16.300000
0.029762 16.400000
0.039781 16.500000
0.047726 16.600000
0.053672 16.700000
0.057715 16.800000
0.059963 16.900000
0.060536 17.000000
0.059571 17.100000
0.057213 17.200000
0.053619 17.300000
0.048953 17.400000
0.043390 17.500000
0.037109 17.600000
0.030296 17.700000
0.023142 17.800000
0.015840 17.900000
0.008584 18.000000
0.001574 18.100000
0.005013 18.200000
0.010968 18.300000
0.016114 18.400000
0.020276 18.500000
0.023287 18.600000
0.024998 18.700000
0.025275 18.800000
0.024013 18.900000
0.021133 19.000000
0.016604 19.100000
0.010446 19.200000
0.002763 19.300000
0.006237 19.400000
0.016155 19.500000
0.026304 19.600000
0.035425 19.700000
0.040955 19.800000
0.036294 19.900000
